---
build/assets/images/a11y-browser.png: 2016-06-02 01:32:21.000000000 -04:00
build/assets/images/a11y-mobile.png: 2016-06-02 01:31:48.000000000 -04:00
build/assets/images/a11y-tablet.png: 2016-06-02 01:31:56.000000000 -04:00
build/assets/images/accessibility.jpg: 2016-06-02 01:31:43.000000000 -04:00
build/assets/images/carnegie.jpg: 2016-06-02 01:31:44.000000000 -04:00
build/assets/images/clp-browser.png: 2016-06-02 01:32:37.000000000 -04:00
build/assets/images/clp-tablet.png: 2016-06-02 01:32:01.000000000 -04:00
build/assets/images/cope.png: 2016-06-02 01:32:46.000000000 -04:00
build/assets/images/duckduckgohack.png: 2016-06-02 01:32:31.000000000 -04:00
build/assets/images/kandoolu.jpg: 2016-06-02 01:32:29.000000000 -04:00
build/assets/images/ohs-browser.png: 2016-06-02 01:33:45.000000000 -04:00
build/assets/images/ohs-mobile.png: 2016-06-02 01:32:37.000000000 -04:00
build/assets/images/ohs-tablet.png: 2016-06-02 01:32:56.000000000 -04:00
build/assets/images/qmh-browser.png: 2016-06-02 01:33:31.000000000 -04:00
build/assets/images/qmh-tablet.png: 2016-06-02 01:33:00.000000000 -04:00
build/assets/images/quaker.png: 2016-06-02 01:33:54.000000000 -04:00
build/assets/images/smartdental-browser.png: 2016-06-02 01:33:48.000000000 -04:00
build/assets/images/smartdental-mobile.png: 2016-06-02 01:33:38.000000000 -04:00
build/assets/images/smartdental-tablet.png: 2016-06-02 01:33:57.000000000 -04:00
build/assets/images/smartdental.jpg: 2016-06-02 01:33:54.000000000 -04:00
build/assets/images/ticha-browser.png: 2016-06-02 01:34:27.000000000 -04:00
build/assets/images/ticha-mobile.png: 2016-06-02 01:34:01.000000000 -04:00
build/assets/images/ticha-tablet.png: 2016-06-02 01:34:11.000000000 -04:00
build/assets/images/ticha.png: 2016-06-02 01:34:32.000000000 -04:00
