---
build/assets/images/a11y-browser.png: 2016-06-02 05:13:33.000000000 -04:00
build/assets/images/a11y-mobile.png: 2016-06-02 05:13:02.000000000 -04:00
build/assets/images/a11y-tablet.png: 2016-06-02 05:13:09.000000000 -04:00
build/assets/images/accessibility.jpg: 2016-06-02 05:12:57.000000000 -04:00
build/assets/images/carnegie.jpg: 2016-06-02 05:12:58.000000000 -04:00
build/assets/images/clp-browser.png: 2016-06-02 05:13:50.000000000 -04:00
build/assets/images/clp-tablet.png: 2016-06-02 05:13:14.000000000 -04:00
build/assets/images/cope.png: 2016-06-02 05:13:59.000000000 -04:00
build/assets/images/duckduckgohack.png: 2016-06-02 05:13:44.000000000 -04:00
build/assets/images/favicon.png: 2016-06-02 05:13:44.000000000 -04:00
build/assets/images/kandoolu.jpg: 2016-06-02 05:13:44.000000000 -04:00
build/assets/images/lindsay.png: 2016-06-02 05:15:02.000000000 -04:00
build/assets/images/ohs-browser.png: 2016-06-02 05:15:00.000000000 -04:00
build/assets/images/ohs-mobile.png: 2016-06-02 05:13:56.000000000 -04:00
build/assets/images/ohs-tablet.png: 2016-06-02 05:14:17.000000000 -04:00
build/assets/images/qmh-browser.png: 2016-06-02 05:14:51.000000000 -04:00
build/assets/images/qmh-tablet.png: 2016-06-02 05:14:33.000000000 -04:00
build/assets/images/quaker.png: 2016-06-02 05:15:33.000000000 -04:00
build/assets/images/smartdental-browser.png: 2016-06-02 05:15:34.000000000 -04:00
build/assets/images/smartdental-mobile.png: 2016-06-02 05:15:08.000000000 -04:00
build/assets/images/smartdental-tablet.png: 2016-06-02 05:15:27.000000000 -04:00
build/assets/images/smartdental.jpg: 2016-06-02 05:15:10.000000000 -04:00
build/assets/images/ticha-browser.png: 2016-06-02 05:15:53.000000000 -04:00
build/assets/images/ticha-mobile.png: 2016-06-02 05:15:38.000000000 -04:00
build/assets/images/ticha-tablet.png: 2016-06-02 05:15:49.000000000 -04:00
build/assets/images/ticha.png: 2016-06-02 05:16:09.000000000 -04:00
