---
build/assets/images/a11y-browser.png: 2016-07-23 18:53:17.000000000 -04:00
build/assets/images/a11y-mobile.png: 2016-07-23 18:52:41.000000000 -04:00
build/assets/images/a11y-tablet.png: 2016-07-23 18:52:51.000000000 -04:00
build/assets/images/accessibility.jpg: 2016-07-23 18:52:35.000000000 -04:00
build/assets/images/carnegie.jpg: 2016-07-23 18:52:36.000000000 -04:00
build/assets/images/clp-browser.png: 2016-07-23 18:53:36.000000000 -04:00
build/assets/images/clp-tablet.png: 2016-07-23 18:52:57.000000000 -04:00
build/assets/images/cope.png: 2016-07-23 18:53:47.000000000 -04:00
build/assets/images/duckduckgohack.png: 2016-07-23 18:53:28.000000000 -04:00
build/assets/images/favicon.png: 2016-07-23 18:53:28.000000000 -04:00
build/assets/images/gdi-browser.png: 2016-07-23 18:54:44.000000000 -04:00
build/assets/images/gdi-tablet.png: 2016-07-23 18:53:42.000000000 -04:00
build/assets/images/gdipgh-logo.png: 2016-07-23 18:53:54.000000000 -04:00
build/assets/images/kandoolu.jpg: 2016-07-23 18:53:47.000000000 -04:00
build/assets/images/lindsay.png: 2016-07-23 18:55:09.000000000 -04:00
build/assets/images/ohs-browser.png: 2016-07-23 18:55:05.000000000 -04:00
build/assets/images/ohs-mobile.png: 2016-07-23 18:54:05.000000000 -04:00
build/assets/images/ohs-tablet.png: 2016-07-23 18:54:27.000000000 -04:00
build/assets/images/qmh-browser.png: 2016-07-23 18:55:21.000000000 -04:00
build/assets/images/qmh-tablet.png: 2016-07-23 18:54:58.000000000 -04:00
build/assets/images/quaker.png: 2016-07-23 18:55:55.000000000 -04:00
build/assets/images/smartdental-browser.png: 2016-07-23 18:55:49.000000000 -04:00
build/assets/images/smartdental-mobile.png: 2016-07-23 18:55:19.000000000 -04:00
build/assets/images/smartdental-tablet.png: 2016-07-23 18:55:38.000000000 -04:00
build/assets/images/smartdental.jpg: 2016-07-23 18:55:21.000000000 -04:00
build/assets/images/ticha-browser.png: 2016-07-23 18:56:05.000000000 -04:00
build/assets/images/ticha-mobile.png: 2016-07-23 18:55:48.000000000 -04:00
build/assets/images/ticha-tablet.png: 2016-07-23 18:56:06.000000000 -04:00
build/assets/images/ticha.png: 2016-07-23 18:56:28.000000000 -04:00
