---
build/assets/images/a11y-browser.png: 2016-06-02 12:30:59.000000000 -04:00
build/assets/images/a11y-mobile.png: 2016-06-02 12:30:28.000000000 -04:00
build/assets/images/a11y-tablet.png: 2016-06-02 12:30:35.000000000 -04:00
build/assets/images/accessibility.jpg: 2016-06-02 12:30:23.000000000 -04:00
build/assets/images/carnegie.jpg: 2016-06-02 12:30:24.000000000 -04:00
build/assets/images/clp-browser.png: 2016-06-02 12:31:15.000000000 -04:00
build/assets/images/clp-tablet.png: 2016-06-02 12:30:40.000000000 -04:00
build/assets/images/cope.png: 2016-06-02 12:31:24.000000000 -04:00
build/assets/images/duckduckgohack.png: 2016-06-02 12:31:09.000000000 -04:00
build/assets/images/favicon.png: 2016-06-02 12:31:10.000000000 -04:00
build/assets/images/kandoolu.jpg: 2016-06-02 12:31:10.000000000 -04:00
build/assets/images/lindsay.png: 2016-06-02 12:32:25.000000000 -04:00
build/assets/images/ohs-browser.png: 2016-06-02 12:32:24.000000000 -04:00
build/assets/images/ohs-mobile.png: 2016-06-02 12:31:22.000000000 -04:00
build/assets/images/ohs-tablet.png: 2016-06-02 12:31:42.000000000 -04:00
build/assets/images/qmh-browser.png: 2016-06-02 12:32:15.000000000 -04:00
build/assets/images/qmh-tablet.png: 2016-06-02 12:31:58.000000000 -04:00
build/assets/images/quaker.png: 2016-06-02 12:32:56.000000000 -04:00
build/assets/images/smartdental-browser.png: 2016-06-02 12:32:57.000000000 -04:00
build/assets/images/smartdental-mobile.png: 2016-06-02 12:32:31.000000000 -04:00
build/assets/images/smartdental-tablet.png: 2016-06-02 12:32:50.000000000 -04:00
build/assets/images/smartdental.jpg: 2016-06-02 12:32:33.000000000 -04:00
build/assets/images/ticha-browser.png: 2016-06-02 12:33:15.000000000 -04:00
build/assets/images/ticha-mobile.png: 2016-06-02 12:33:00.000000000 -04:00
build/assets/images/ticha-tablet.png: 2016-06-02 12:33:11.000000000 -04:00
build/assets/images/ticha.png: 2016-06-02 12:33:32.000000000 -04:00
